61
1 39 22
2 85 46
3 33 63
4 12 64
5 72 28
6 0 39
7 73 53
8 71 62
9 1 24
10 9 56
11 89 51
12 64 27
13 100 28
14 28 68
15 41 94
16 65 27
17 28 53
18 63 18
19 6 58
20 21 49
21 48 77
22 4 73
23 13 7
24 73 100
25 28 81
26 44 62
27 69 26
28 48 98
29 46 22
30 27 100
31 13 21
32 94 94
33 21 2
34 46 8
35 77 3
36 51 49
37 96 17
38 45 45
39 59 80
40 74 68
41 89 92
42 38 46
43 22 25
44 77 26
45 21 39
46 84 29
47 88 68
48 42 9
49 99 90
50 28 74
51 97 22
52 100 25
53 47 86
54 70 100
55 87 55
56 97 6
57 4 95
58 22 97
59 93 14
60 13 39
61 50 50
